
Beginning file: sort.S ...
Test default Sort behavior:	
      NA 
      NA 
       -5
    -2.00
        1
        2
        3
        4
----------
      NA 
      NA 
        4
        3
        2
        1
    -2.00
       -5
----------
       -5
       10
     1700
abc
is
this
----------
     1700
       10
       -5
this
is
abc
----------
      NA 
 19841231
20010131
20060606
1/1/1999
12/31/2004
12/31/2005
----------
      NA 
 19841231
20060606
20010131
12/31/2005
12/31/2004
1/1/1999
--------------------
Test pre7 Sort behavior:	
       -5
    -2.00
        1
        2
        3
        4
      NA 
      NA 
----------
        4
        3
        2
        1
    -2.00
       -5
      NA 
      NA 
----------
abc
is
this
       -5
       10
     1700
----------
this
is
abc
     1700
       10
       -5
----------
20010131
20060606
1/1/1999
12/31/2004
12/31/2005
 19841231
      NA 
----------
20060606
20010131
12/31/2005
12/31/2004
1/1/1999
 19841231
      NA 
--------------------

End of file: sort.S

Compile Statistics:
elapsed: 0.000411
user: 0.000358
system: 5.3e-05
majflts: 0
minflts: 0
Execute Statistics:
elapsed: 0.008686
user: 0.007731
system: 0.00096
majflts: 0
minflts: 4
